Upper extremity biomechanics analysis; joint kinematics
Created at 19:1  on .24-Jul-2014

Data_file:	 RERC1A4_6_short.trc
Time	 tr_lat_flex_left	 tr_extension	 tr_rot_left	 sh_int_rot	 sh_elevation	 sh_plane_of_elevation	 elb_flex	 wrist_ext	 wrist_uln_dev
0.0330	0.9512	-3.1146	1.0175	19.9930	52.6024	-65.8457	40.7240	18.0698	4.8704
6.4f
0.1353	0.0420	0.9872	-3.1092	1.0205	18.9963	52.3372	-64.5060	42.5130	17.5187	4.5306
6.4f
0.2393	0.0500	1.0112	-3.1205	1.0309	17.9175	52.0358	-63.0765	44.3944	17.0666	4.1527
6.4f
0.3443	0.0580	1.0247	-3.1487	1.0490	16.7506	51.6941	-61.5600	46.3621	16.7203	3.7414
6.4f
0.4498	0.0670	1.0303	-3.1926	1.0740	15.4899	51.3082	-59.9630	48.4071	16.4726	3.3030
6.4f
0.5550	0.0750	1.0307	-3.2503	1.1039	14.1274	50.8744	-58.2930	50.5190	16.3040	2.8472
6.4f
0.6587	0.0830	1.0285	-3.3200	1.1359	12.6537	50.3888	-56.5560	52.6872	16.1857	2.3854
6.4f
0.7589	0.0920	1.0261	-3.4005	1.1680	11.0651	49.8504	-54.7585	54.9000	16.0846	1.9282
6.4f
0.8518	0.1000	1.0257	-3.4898	1.1991	9.3725	49.2638	-52.9098	57.1417	15.9749	1.4839
6.4f
0.9337	0.1080	1.0285	-3.5855	1.2295	7.6045	48.6402	-51.0231	59.3921	15.8475	1.0574
6.4f
1.0031	0.1170	1.0350	-3.6854	1.2595	5.7976	47.9933	-49.1126	61.6270	15.7157	0.6504
6.4f
1.0623	0.1250	1.0443	-3.7872	1.2884	3.9862	47.3350	-47.1921	63.8201	15.6135	0.2622
6.4f
1.1154	0.1330	1.0550	-3.8887	1.3146	2.1959	46.6715	-45.2739	65.9452	15.5850	-0.1087
6.4f
1.1667	0.1420	1.0649	-3.9881	1.3359	0.4456	46.0028	-43.3704	67.9794	15.6679	-0.4620
6.4f
1.2201	0.1500	1.0722	-4.0853	1.3506	-1.2487	45.3240	-41.4937	69.9050	15.8745	-0.7925
6.4f
1.2762	0.1580	1.0750	-4.1813	1.3579	-2.8663	44.6280	-39.6567	71.7112	16.1823	-1.0910
6.4f
1.3317	0.1670	1.0725	-4.2781	1.3582	-4.3803	43.9071	-37.8725	73.3943	16.5380	-1.3469
6.4f
1.3799	0.1750	1.0638	-4.3782	1.3525	-5.7634	43.1555	-36.1514	74.9566	16.8765	-1.5502
6.4f
1.4138	0.1830	1.0484	-4.4839	1.3426	-6.9912	42.3720	-34.5006	76.4046	17.1452	-1.6937
6.4f
1.4295	0.1920	1.0266	-4.5966	1.3313	-8.0436	41.5601	-32.9239	77.7464	17.3184	-1.7760
6.4f
1.4270	0.2000	0.9998	-4.7174	1.3217	-8.9096	40.7275	-31.4219	78.9909	17.3958	-1.8009
6.4f
1.4099	0.2080	0.9696	-4.8460	1.3156	-9.5958	39.8845	-29.9885	80.1501	17.3894	-1.7762
6.4f
1.3825	0.2170	0.9376	-4.9803	1.3128	-10.1283	39.0437	-28.6105	81.2399	17.3105	-1.7110
6.4f
1.3484	0.2250	0.9051	-5.1174	1.3117	-10.5519	38.2177	-27.2679	82.2790	17.1702	-1.6159
6.4f
1.3109	0.2330	0.8732	-5.2550	1.3104	-10.9231	37.4176	-25.9387	83.2845	16.9853	-1.5024
6.4f
1.2744	0.2420	0.8427	-5.3920	1.3074	-11.3035	36.6530	-24.6005	84.2697	16.7799	-1.3821
6.4f
1.2430	0.2500	0.8147	-5.5292	1.3014	-11.7525	35.9318	-23.2325	85.2431	16.5787	-1.2648
6.4f
1.2194	0.2580	0.7906	-5.6670	1.2910	-12.3237	35.2612	-21.8196	86.2098	16.4006	-1.1593
6.4f
1.2038	0.2670	0.7723	-5.8040	1.2751	-13.0634	34.6488	-20.3553	87.1725	16.2559	-1.0736
6.4f
1.1946	0.2750	0.7617	-5.9370	1.2543	-14.0076	34.1025	-18.8427	88.1326	16.1486	-1.0159
6.4f
1.1896	0.2830	0.7599	-6.0611	1.2306	-15.1746	33.6296	-17.2937	89.0898	16.0797	-0.9916
6.4f
1.1876	0.2920	0.7668	-6.1710	1.2062	-16.5628	33.2356	-15.7248	90.0431	16.0473	-1.0006
6.4f
1.1880	0.3000	0.7811	-6.2622	1.1834	-18.1543	32.9231	-14.1522	90.9926	16.0450	-1.0381
6.4f
1.1901	0.3080	0.8017	-6.3326	1.1639	-19.9194	32.6906	-12.5868	91.9427	16.0630	-1.0966
6.4f
1.1933	0.3170	0.8278	-6.3822	1.1492	-21.8208	32.5335	-11.0318	92.9008	16.0905	-1.1690
6.4f
1.1966	0.3250	0.8590	-6.4134	1.1399	-23.8204	32.4452	-9.4829	93.8767	16.1164	-1.2504
6.4f
1.1986	0.3330	0.8941	-6.4304	1.1359	-25.8768	32.4185	-7.9319	94.8796	16.1288	-1.3383
6.4f
1.1988	0.3420	0.9316	-6.4376	1.1363	-27.9416	32.4468	-6.3705	95.9159	16.1170	-1.4313
6.4f
1.1975	0.3500	0.9696	-6.4388	1.1400	-29.9600	32.5240	-4.7932	96.9883	16.0718	-1.5282
6.4f
1.1954	0.3580	1.0059	-6.4359	1.1444	-31.8848	32.6440	-3.1972	98.0952	15.9869	-1.6259
6.4f
1.1931	0.3670	1.0392	-6.4298	1.1462	-33.6898	32.8006	-1.5815	99.2308	15.8608	-1.7188
6.4f
1.1907	0.3750	1.0682	-6.4201	1.1424	-35.3688	32.9876	0.0500	100.3852	15.6960	-1.8012
6.4f
1.1891	0.3830	1.0921	-6.4059	1.1315	-36.9259	33.1989	1.6878	101.5450	15.4985	-1.8690
6.4f
1.1892	0.3920	1.1097	-6.3868	1.1137	-38.3743	33.4303	3.3201	102.6959	15.2760	-1.9215
6.4f
1.1909	0.4000	1.1201	-6.3636	1.0909	-39.7418	33.6799	4.9375	103.8249	15.0386	-1.9609
6.4f
1.1933	0.4080	1.1236	-6.3370	1.0646	-41.0679	33.9493	6.5356	104.9239	14.7984	-1.9916
6.4f
1.1944	0.4170	1.1212	-6.3072	1.0364	-42.3942	34.2427	8.1143	105.9893	14.5694	-2.0194
6.4f
1.1931	0.4250	1.1145	-6.2739	1.0071	-43.7516	34.5669	9.6744	107.0213	14.3651	-2.0506
6.4f
1.1897	0.4330	1.1050	-6.2362	0.9774	-45.1533	34.9281	11.2156	108.0212	14.1970	-2.0904
6.4f
1.1856	0.4420	1.0940	-6.1942	0.9476	-46.6007	35.3317	12.7367	108.9919	14.0745	-2.1421
6.4f
1.1823	0.4500	1.0829	-6.1489	0.9183	-48.0935	35.7811	14.2365	109.9369	14.0035	-2.2072
6.4f
1.1812	0.4580	1.0730	-6.1024	0.8905	-49.6313	36.2776	15.7144	110.8599	13.9832	-2.2854
6.4f
1.1845	0.4670	1.0656	-6.0570	0.8647	-51.2079	36.8188	17.1703	111.7648	14.0065	-2.3727
6.4f
1.1933	0.4750	1.0616	-6.0148	0.8413	-52.8085	37.4006	18.6053	112.6548	14.0617	-2.4614
6.4f
1.2069	0.4830	1.0606	-5.9775	0.8205	-54.4148	38.0180	20.0214	113.5318	14.1347	-2.5430
6.4f
1.2232	0.4920	1.0614	-5.9470	0.8026	-56.0069	38.6661	21.4193	114.3964	14.2120	-2.6124
6.4f
1.2405	0.5000	1.0617	-5.9247	0.7886	-57.5634	39.3412	22.7973	115.2482	14.2849	-2.6699
6.4f
1.2590	0.5080	1.0605	-5.9102	0.7801	-59.0636	40.0396	24.1521	116.0873	14.3498	-2.7197
6.4f
1.2800	0.5170	1.0579	-5.9014	0.7787	-60.4924	40.7566	25.4782	116.9129	14.4084	-2.7666
6.4f
1.3046	0.5250	1.0557	-5.8942	0.7862	-61.8440	41.4860	26.7696	117.7239	14.4650	-2.8139
6.4f
1.3329	0.5330	1.0558	-5.8836	0.8033	-63.1203	42.2209	28.0208	118.5188	14.5223	-2.8625
6.4f
1.3636	0.5420	1.0602	-5.8643	0.8291	-64.3286	42.9552	29.2284	119.2965	14.5802	-2.9112
6.4f
1.3942	0.5500	1.0697	-5.8312	0.8614	-65.4810	43.6846	30.3912	120.0564	14.6351	-2.9557
6.4f
1.4207	0.5580	1.0843	-5.7793	0.8977	-66.5921	44.4056	31.5073	120.7976	14.6806	-2.9907
6.4f
1.4383	0.5670	1.1031	-5.7042	0.9353	-67.6778	45.1151	32.5740	121.5192	14.7095	-3.0123
6.4f
1.4419	0.5750	1.1250	-5.6024	0.9725	-68.7512	45.8102	33.5884	122.2190	14.7157	-3.0207
6.4f
1.4268	0.5830	1.1488	-5.4730	1.0078	-69.8186	46.4891	34.5483	122.8937	14.6962	-3.0185
6.4f
1.3898	0.5920	1.1730	-5.3176	1.0398	-70.8796	47.1503	35.4520	123.5380	14.6528	-3.0070
6.4f
1.3302	0.6000	1.1965	-5.1399	1.0681	-71.9306	47.7924	36.2970	124.1455	14.5943	-2.9862
6.4f
1.2510	0.6080	1.2184	-4.9450	1.0935	-72.9651	48.4133	37.0798	124.7099	14.5354	-2.9575
6.4f
1.1584	0.6170	1.2382	-4.7390	1.1177	-73.9743	49.0105	37.7975	125.2270	14.4937	-2.9264
6.4f
1.0601	0.6250	1.2555	-4.5265	1.1421	-74.9475	49.5798	38.4467	125.6940	14.4845	-2.9010
6.4f
0.9636	0.6330	1.2696	-4.3102	1.1673	-75.8719	50.1140	39.0241	126.1094	14.5158	-2.8896
6.4f
0.8756	0.6420	1.2804	-4.0904	1.1930	-76.7328	50.6027	39.5279	126.4734	14.5862	-2.8988
6.4f
0.8027	0.6500	1.2881	-3.8656	1.2192	-77.5155	51.0341	39.9576	126.7887	14.6853	-2.9316
6.4f
0.7500	0.6580	1.2934	-3.6337	1.2449	-78.2071	51.3963	40.3141	127.0593	14.7957	-2.9847
6.4f
0.7183	0.6670	1.2964	-3.3934	1.2675	-78.7953	51.6806	40.5980	127.2901	14.8947	-3.0470
6.4f
0.7024	0.6750	1.2964	-3.1462	1.2834	-79.2679	51.8832	40.8097	127.4858	14.9582	-3.1038
6.4f
0.6941	0.6830	1.2932	-2.8962	1.2902	-79.6145	52.0058	40.9490	127.6501	14.9689	-3.1457
6.4f
0.6855	0.6920	1.2883	-2.6488	1.2881	-79.8302	52.0553	41.0144	127.7846	14.9249	-3.1716
6.4f
0.6704	0.7000	1.2847	-2.4105	1.2793	-79.9167	52.0420	41.0040	127.8892	14.8393	-3.1869
6.4f
0.6447	0.7080	1.2857	-2.1881	1.2679	-79.8820	51.9790	40.9161	127.9626	14.7311	-3.1993
6.4f
0.6073	0.7170	1.2933	-1.9871	1.2576	-79.7389	51.8800	40.7499	128.0033	14.6178	-3.2162
6.4f
0.5600	0.7250	1.3068	-1.8116	1.2501	-79.5031	51.7582	40.5070	128.0097	14.5139	-3.2442
6.4f
0.5091	0.7330	1.3238	-1.6637	1.2442	-79.1921	51.6259	40.1924	127.9808	14.4316	-3.2875
6.4f
0.4645	0.7420	1.3415	-1.5435	1.2384	-78.8232	51.4928	39.8139	127.9181	14.3811	-3.3466
6.4f
0.4381	0.7500	1.3574	-1.4486	1.2318	-78.4117	51.3658	39.3797	127.8254	14.3682	-3.4207
6.4f
0.4407	0.7580	1.3696	-1.3746	1.2253	-77.9693	51.2474	38.8962	127.7082	14.3897	-3.5078
6.4f
0.4784	0.7670	1.3772	-1.3159	1.2207	-77.5016	51.1344	38.3678	127.5729	14.4309	-3.6036
6.4f
0.5510	0.7750	1.3800	-1.2669	1.2198	-77.0072	51.0203	37.7979	127.4256	14.4696	-3.7021
6.4f
0.6538	0.7830	1.3777	-1.2239	1.2240	-76.4772	50.8968	37.1892	127.2708	14.4836	-3.7993
6.4f
0.7790	0.7920	1.3700	-1.1853	1.2338	-75.8991	50.7547	36.5436	127.1107	14.4582	-3.8935
6.4f
0.9158	0.8000	1.3562	-1.1510	1.2492	-75.2598	50.5849	35.8618	126.9443	14.3922	-3.9846
6.4f
1.0532	0.8080	1.3367	-1.1204	1.2688	-74.5464	50.3780	35.1426	126.7677	14.2974	-4.0738
6.4f
1.1829	0.8170	1.3123	-1.0931	1.2909	-73.7468	50.1261	34.3833	126.5758	14.1929	-4.1631
6.4f
1.2997	0.8250	1.2838	-1.0699	1.3131	-72.8530	49.8243	33.5808	126.3636	14.0963	-4.2536
6.4f
1.3991	0.8330	1.2521	-1.0541	1.3338	-71.8609	49.4717	32.7316	126.1257	14.0200	-4.3445
6.4f
1.4786	0.8420	1.2182	-1.0515	1.3519	-70.7690	49.0697	31.8326	125.8560	13.9707	-4.4337
6.4f
1.5382	0.8500	1.1837	-1.0685	1.3669	-69.5782	48.6208	30.8803	125.5467	13.9502	-4.5187
6.4f
1.5819	0.8580	1.1500	-1.1098	1.3779	-68.2885	48.1266	29.8712	125.1889	13.9536	-4.5990
6.4f
1.6149	0.8670	1.1188	-1.1764	1.3835	-66.8947	47.5883	28.8012	124.7744	13.9666	-4.6759
6.4f
1.6391	0.8750	1.0912	-1.2663	1.3820	-65.3852	47.0068	27.6651	124.2965	13.9678	-4.7508
6.4f
1.6531	